b.txt
25 100 1.000000
4.000000
4.609629
11.388795
20.372276
32.080641
46.602374
58.409726
81.796616
106.980006
137.014947
173.170462
211.525990
248.588648
283.123724
319.375108
356.879282
386.667425
411.184231
447.516497
505.022249
564.198548
634.527989
695.451532
761.040910
802.646220
857.568096
938.404838
1027.581393
1133.257398
1205.252869
1289.047329
1372.525816
1469.665737
1586.030160
1681.095494
1806.048448
1874.180071
2001.084531
2200.697521
2433.308109
2681.929632
2929.885522
3167.525988
3382.872857
3647.730538
3880.016630
4093.463909
4290.222720
4644.506487
4994.428070
5222.082323
5460.967568
5849.819992
6295.753583
6741.302972
7224.092215
7585.824410
8072.188360
8684.185093
9261.533720
9863.868933
10529.780678
11256.694623
11991.785789
12779.055447
13465.242645
14020.322441
14686.234082
15021.069229
15571.805795
16335.958069
16964.439884
17430.733504
18346.011897
19137.523644
20007.550351
20905.462097
21784.560374
22636.906361
23592.901214
24510.792406
25167.345219
25941.116510
26689.725520
27276.448717
28097.601228
28820.011041
29979.451837
30919.543622
31783.023332
32631.282525
33804.780451
35088.973387
36395.084834
37365.935558
38552.232086
39839.171801
40958.025593
42205.987429
43244.955026
