c.txt
25 100 1.000000
1
2 15 16 25
3 9 12 22 23
4 7 21
5 22 24
6 12 17
4 7
8
3 9 11 12 23
10 13
9 11 12 20 23
3 6 9 11 12 17
10 13 18 19 24
14
2 15
2 16 24 25
6 12 17
13 18 19
13 18 19
11 20
4 21
3 5 22
3 9 11 23
5 13 16 24 25
2 16 24 25
-----------------
1 5 22
2 15 16 25
3 9 12 22 23
4 7 21
1 5 22 24
6 12 17
4 7 21
8
3 9 11 12 23
10 13
9 11 12 20 23
3 6 9 11 12 17
10 13 18 19 24
14
2 15
2 16 24 25
6 12 17
13 18 19
13 18 19
11 20
4 7 21
1 3 5 22
3 9 11 23
5 13 16 24 25
2 16 24 25
-----------------
1 5 22
2 15 16 25
3 9 12 22 23
4 7 21
1 5 22 24
6 12 17
4 7 21
8
3 9 11 12 23
10 13
9 11 12 20 23
3 6 9 11 12 17
10 13 18 19 24
14
2 15
2 16 24 25
6 12 17
13 18 19
13 18 19
11 20
4 7 21
1 3 5 22
3 9 11 23
5 13 16 24 25
2 16 24 25
-----------------
1 5 22
2 15 16 25
3 9 12 22 23
4 7 21
1 5 22 24
6 12 17
4 7 21
8
3 9 11 12 23
10 13
9 11 12 20 23
3 6 9 11 12 17
10 13 18 19 24
14
2 15
2 16 24 25
6 12 17
13 18 19
13 18 19
11 20
4 7 21
1 3 5 22
3 9 11 23
5 13 16 24 25
2 16 24 25
-----------------
1 5 22
2 15 16 25
3 9 12 22 23
4 7 21
1 5 22 24
6 12 17
4 7 21
8
3 9 11 12 23
10 13
9 11 12 20 23
3 6 9 11 12 17
10 13 18 19
14
2 15
2 16 24 25
6 12 17
13 18 19
13 18 19
11 20
4 7 21
1 3 5 22 24
3 9 11 23
5 16 22 24 25
2 16 24 25
-----------------
1 5 10 22
2 15 16 25
3 9 12 22 23
4 7 21
1 5 10 22 24
6 12 17
4 7 21
8
3 9 11 12 23
1 5 10 13
9 11 12 20 23
3 6 9 11 12 17
10 13 18 19
14
2 15
2 16 24 25
6 12 17
13 18 19
13 18 19
11 20
4 7 21
1 3 5 22 24
3 9 11 23
5 16 22 24 25
2 16 24 25
-----------------
1 5 10 22
2 15 16 25
3 9 12 22 23
4 7 21
1 5 10 22 24
6 12 17
4 7 21
8
3 9 11 12 23
1 5 10 13
9 11 12 20 23
3 6 9 11 12 17
10 13 18 19
14
2 15
2 16 24 25
6 12 17
13 18 19
13 18 19
11 20
4 7 21
1 3 5 22 24
3 9 11 23
5 16 22 24 25
2 16 24 25
-----------------
1 5 10 22
2 15 16 25
3 9 12 22 23
4 7 21
1 5 10 22 24
6 12 17
4 7 21
8
3 9 11 12 23
1 5 10 13
9 11 12 20 23
3 6 9 11 12 17
10 13 18 19
14 15
2 14 15
2 16 24 25
6 12 17
13 18 19 25
13 18 19
11 20
4 7 21
1 3 5 22 24
3 9 11 23
5 16 22 24 25
2 16 18 24 25
-----------------
1 5 10 22
2 15 16 25
3 9 12 22 23
4 7 21
1 5 10 22 24
6 12 17
4 7 21
8
3 9 11 12 23
1 5 10 13
9 11 12 20 23
3 6 9 11 12 17
10 13 18 19
14 15
2 14 15
2 16 24 25
6 12 17
13 18 19 25
13 18 19
11 20
4 7 21
1 3 5 22 24
3 9 11 23
5 16 22 24 25
2 16 18 24 25
-----------------
1 5 10 22
2 15 16 25
3 9 12 22 23
4 7 21
1 5 10 22 24
6 12 17
4 7 21
8
3 9 11 12 23
1 5 10 13
9 11 12 20 23
3 6 9 11 12 17
10 13 18 19
14 15
2 14 15
2 16 24 25
6 12 17
13 18 19 25
13 18 19
11 20
4 7 21
1 3 5 22 24
3 9 11 23
5 16 22 24 25
2 16 18 24 25
-----------------
1 5 10 22
2 15 16 25
3 9 12 22 23
4 7 21
1 5 10 22 24
6 12 17
4 7 21
8
3 9 11 12 23
1 5 10 13
9 11 12 20 23
3 6 9 11 12 17
10 13 18 19
14 15
2 14 15
2 16 24 25
6 12 17
13 18 19 25
13 18 19 25
11 20
4 7 21
1 3 5 22 24
3 9 11 23
5 16 22 24 25
2 16 18 19 24 25
-----------------
1 5 10 22
2 15 16 25
3 9 12 22 23
4 7 21
1 5 10 22 24
6 12 17
4 7 21
8
3 9 11 12 23
1 5 10 13
9 11 12 20 23
3 6 9 11 12 17
10 13 18 19
14 15
2 14 15
2 16 24 25
6 12 17
13 18 19 25
13 18 19 25
11 20
4 7 21
1 3 5 22 24
3 9 11 23
5 16 22 24 25
2 16 18 19 24 25
-----------------
1 5 10 22
2 15 16 25
3 9 12 22 23
4 7 21
1 5 10 22 24
6 12 17
4 7 21
8
3 9 11 12 23
1 5 10 13
9 11 12 20 23
3 6 9 11 12 17
10 13 18 19
14 15
2 14 15
2 16 24 25
6 12 17
13 18 19 25
13 18 19 25
11 20
4 7 21
1 3 5 22 24
3 9 11 23
5 16 22 24 25
2 16 18 19 24 25
-----------------
1 5 10 22
2 15 16 25
3 9 12 22 23
4 7 21
1 5 10 22 24
6 12 17
4 7 21
8
3 9 11 12 23
1 5 10 13
9 11 12 20 23
3 6 9 11 12 17
10 13 18 19
14 15
2 14 15
2 16 24 25
6 12 17
13 18 19 25
13 18 19 25
11 20
4 7 21
1 3 5 22 24
3 9 11 23
5 16 22 24 25
2 16 18 19 24 25
-----------------
1 5 10 22
2 15 16 25
3 9 12 22 23
4 7 21
1 5 10 22 24
6 12 17
4 7 21
8
3 9 11 12 23
1 5 10 13
9 11 12 20 23
3 6 9 11 12 17
10 13 18 19
14 15
2 14 15
2 16 24 25
6 12 17
13 18 19 25
13 18 19 25
11 20
4 7 21
1 3 5 22 24
3 9 11 23
5 16 22 24 25
2 16 18 19 24 25
-----------------
1 5 10 22
2 15 16 25
3 9 12 22 23
4 7 21
1 5 10 22 24
6 12 17
4 7 21
8
3 9 11 12 23
1 5 10 13
9 11 12 20 23
3 6 9 11 12 17
10 13 18 19
14 15
2 14 15
2 16 24 25
6 12 17
13 18 19 25
13 18 19 25
11 20
4 7 21
1 3 5 22 24
3 9 11 23
5 16 22 24 25
2 16 18 19 24 25
-----------------
1 5 10 22
2 15 16 25
3 9 12 22 23
4 7 21
1 5 10 22 24
6 12 17
4 7 21
8
3 9 11 12 23
1 5 10 13
9 11 12 20 23
3 6 9 11 12 17
10 13 18 19
14 15
2 14 15
2 16 24 25
6 12 17
13 18 19 25
13 18 19 25
11 20
4 7 21
1 3 5 22 24
3 9 11 23
5 16 22 24 25
2 16 18 19 24 25
-----------------
1 5 10 22
2 15 16 25
3 9 12 22 23
4 7 21
1 5 10 22 24
6 12 17
4 7 21
8
3 9 11 12 23
1 5 10 13
9 11 12 20 23
3 6 9 11 12 17
10 13 18 19
14 15
2 14 15
2 16 24 25
6 12 17
13 18 19 25
13 18 19 25
11 20
4 7 21
1 3 5 22 24
3 9 11 23
5 16 22 24 25
2 16 18 19 24 25
-----------------
1 5 10 22
2 15 16 25
3 9 11 12 23
4 7 21
1 5 10 22 24
6 12 17
4 7 21
8
3 9 11 12 23
1 5 10 13
3 9 11 12 20 23
3 6 9 11 12 17
10 13 18 19
14 15
2 14 15
2 16 24 25
6 12 17
13 18 19 25
13 18 19 25
11 20
4 7 21
1 5 22 24
3 9 11 23
5 16 22 24 25
2 16 18 19 24 25
-----------------
1 5 10 22
2 15 16 25
3 9 11 12 23
4 7 21
1 5 10 22 24
6 12 17
4 7
8
3 9 11 12 23
1 5 10 13
3 9 11 12 20 23
3 6 9 11 12 17
10 13 18 19
14 15
2 14 15
2 16 24 25
6 12 17
13 18 19 25
13 18 19 25
11 20
4 21
1 5 22 24
3 9 11 23
5 16 22 24 25
2 16 18 19 24 25
-----------------
1 5 10 22
2 15 16 25
3 9 11 12 23
4 7 21
1 5 10 22 24
6 12 17
4 7
8
3 9 11 12 23
1 5 10 13
3 9 11 12 20 23
3 6 9 11 12 17
10 13 18 19
14 15
2 14 15
2 16 24 25
6 12 17
13 18 19 25
13 18 19 25
11 20
4 21
1 5 22 24
3 9 11 23
5 16 22 24 25
2 16 18 19 24 25
-----------------
1 5 10 22
2 15 16 25
3 9 11 12 17 23
4 7 21
1 5 10 22 24
6 12 17
4 7
8
3 9 11 12 17 23
1 5 10 13
3 9 11 12 17 20 23
3 6 9 11 12 17
10 13 18 19
14 15
2 14 15
2 16 24 25
3 6 9 11 12 17
13 18 19 25
13 18 19 25
11 20
4 21
1 5 22 24
3 9 11 23
5 16 22 24 25
2 16 18 19 24 25
-----------------
1 5 10 22
2 15 16 25
3 9 11 12 17 23
4 7 21
1 5 10 22 24
6 12 17
4 7
8
3 9 11 12 17 23
1 5 10 13
3 9 11 12 17 20 23
3 6 9 11 12 17
10 13 18 19
14 15
2 14 15
2 16 24 25
3 6 9 11 12 17
13 18 19 25
13 18 19 25
11 20
4 21
1 5 22 24
3 9 11 23
5 16 22 24 25
2 16 18 19 24 25
-----------------
1 5 10 22
2 15 16 25
3 9 11 12 17 23
4 7 21
1 5 10 22 24
6 12 17
4 7
8
3 9 11 12 17 23
1 5 10 13
3 9 11 12 17 20 23
3 6 9 11 12 17
10 13 18 19
14 15
2 14 15
2 16 24 25
3 6 9 11 12 17
13 18 19 25
13 18 19 25
11 20
4 21
1 5 22 24
3 9 11 23
5 16 22 24 25
2 16 18 19 24 25
-----------------
1 5 10 22
2 15 16 25
3 6 9 11 12 23
4 7 21
1 5 10 22 24
3 6 9 11 12
4 7
8
3 6 9 11 12 23
1 5 10 13
3 6 9 11 12 20 23
3 6 9 11 12
10 13 17 18 19
14 15
2 14 15
2 16 24 25
13 17 18 19
13 17 18 19 25
13 17 18 19 25
11 20
4 21
1 5 22 24
3 9 11 23
5 16 22 24 25
2 16 18 19 24 25
-----------------
1 5 10 22
2 15 16 25
3 6 9 11 12 23
4 7 21
1 5 10 22 24
3 6 9 11 12
4 7
8
3 6 9 11 12 23
1 5 10 13
3 6 9 11 12 20 23
3 6 9 11 12
10 13 17 18 19
14 15
2 14 15
2 16 24 25
13 17 18 19
13 17 18 19 25
13 17 18 19 25
11 20
4 21
1 5 22 24
3 9 11 23
5 16 22 24 25
2 16 18 19 24 25
-----------------
1 5 10 22
2 15 16 25
3 6 9 11 12 23
4 7 21
1 5 10 22 24
3 6 9 11 12
4 7
8
3 6 9 11 12 23
1 5 10 13
3 6 9 11 12 20 23
3 6 9 11 12
10 13 18 19
14 15
2 14 15
2 16 24 25
17 18 19
13 17 18 19 25
13 17 18 19 25
11 20
4 21
1 5 22 24
3 9 11 23
5 16 22 24 25
2 16 18 19 24 25
-----------------
1 5 10 22
2 15 16 25
3 6 9 11 12 23
4 7 21
1 5 10 22 24
3 6 9 11 12
4 7
8
3 6 9 11 12 23
1 5 10 13
3 6 9 11 12 20 23
3 6 9 11 12
10 13 18 19
14 15
2 14 15
2 16 24 25
17 18 19
13 17 18 19 25
13 17 18 19 25
11 20
4 21
1 5 22 24
3 9 11 23
5 16 22 24 25
2 16 18 19 24 25
-----------------
1 5 10 22
2 15 16 25
3 6 9 11 12 23
4 7 21
1 5 10 22 24
3 6 9 11 12
4 7
8 17
3 6 9 11 12 23
1 5 10 13
3 6 9 11 12 20 23
3 6 9 11 12
10 13 18 19
14 15
2 14 15
2 16 24 25
8 17 18 19
13 17 18 19 25
13 17 18 19 25
11 20
4 21
1 5 22 24
3 9 11 23
5 16 22 24 25
2 16 18 19 24 25
-----------------
1 5 10 22
2 15 16 25
3 6 9 11 12 23
4 7 21
1 5 22 24
3 6 9 11 12
4 7
8 17
3 6 9 11 12 23
1 10
3 6 9 11 12 20 23
3 6 9 11 12
13 18 19
14 15
2 14 15
2 16 24 25
8 17 18 19
13 17 18 19 25
13 17 18 19 25
11 20
4 21
1 5 22 24
3 9 11 23
5 16 22 24 25
2 16 18 19 24 25
-----------------
1 5 10 22
2 15 16 25
3 6 9 11 12 23
4 7 21
1 5 22 24
3 6 9 11 12
4 7
8 17
3 6 9 11 12 23
1 10
3 6 9 11 12 20 23
3 6 9 11 12
13 18 19
14 15
2 14 15
2 16 24 25
8 17 18 19
13 17 18 19 25
13 17 18 19 25
11 20
4 21
1 5 22 24
3 9 11 23
5 16 22 24 25
2 16 18 19 24 25
-----------------
1 5 10 22
2 15 16 25
3 6 9 11 12 23
4 7 21
1 5 22 24
3 6 9 11 12
4 7
8 17
3 6 9 11 12 20 23
1 10
3 6 9 11 12 20 23
3 6 9 11 12
13 18 19
14 15
2 14 15
2 16 24 25
8 17 18 19
13 17 18 19 25
13 17 18 19 25
9 11 20
4 21
1 5 22 24
3 9 11 23
5 16 22 24 25
2 16 18 19 24 25
-----------------
1 5 10 22
2 16 25
3 6 9 11 12 23
4 7 21
1 5 22 24
3 6 9 11 12
4 7
8 17
3 6 9 11 12 23
1 10
3 6 9 11 12 20 23
3 6 9 11 12
13 18 19
14 15
14 15
2 16 24 25
8 17 18 19
13 17 18 19 25
13 17 18 19 25
11 20
4 21
1 5 22 24
3 9 11 23
5 16 22 24 25
2 16 18 19 24 25
-----------------
1 5 10 22
2 16 25
3 6 9 11 12 23
4 7 21
1 5 22 24
3 6 9 11 12
4 7
8
3 6 9 11 12 23
1 10
3 6 9 11 12 20 23
3 6 9 11 12
13 18 19
14 15
14 15
2 16 24 25
17 18 19
13 17 18 19 25
13 17 18 19 25
11 20
4 21
1 5 22 24
3 9 11 23
5 16 22 24 25
2 16 18 19 24 25
-----------------
1 5 10 22
2 16 25
3 6 9 11 12 23
4 7 21
1 5 22 24
3 6 9 11 12
4 7
8
3 6 9 11 12 23
1 10
3 6 9 11 12 20 23
3 6 9 11 12
13 18 19
14 15
14 15 16
2 15 16 24 25
17 18 19
13 17 18 19 25
13 17 18 19 25
11 20
4 21
1 5 22 24
3 9 11 23
5 16 22 24 25
2 16 18 19 24 25
-----------------
1 5 10 22
2 25
3 6 9 11 12 23
4 7 21
1 5 22 24
3 6 9 11 12
4 7
8
3 6 9 11 12 23
1 10
3 6 9 11 12 20 23
3 6 9 11 12
13 18 19
14 15
14 15
16 24
17 18 19
13 17 18 19 25
13 17 18 19 25
11 20
4 21
1 5 22 24
3 9 11 23
5 16 22 24 25
2 18 19 24 25
-----------------
1 5 10 22
2 25
3 6 9 11 12 23
4 7 21
1 5 22 24
3 6 9 11 12
4 7
8
3 6 9 11 12 23
1 10
3 6 9 11 12 20 23
3 6 9 11 12
13 18 19
14 15 16
14 15 16
14 15 16
17 18 19
13 17 18 19 25
13 17 18 19 25
11 20
4 21
1 5 22 24
3 9 11 23
5 22 24 25
2 18 19 24 25
-----------------
1 5 10 22
2 25
3 6 9 11 12 23
4 7 21
1 5 22 24
3 6 9 11 12
4 7
8
3 6 9 11 12 23
1 10
3 6 9 11 12 20 23
3 6 9 11 12
13 18 19
14 15
14 15
16 24
17 18 19
13 17 18 19 25
13 17 18 19 25
11 20
4 21
1 5 22 24
3 9 11 23
5 16 22 24 25
2 18 19 24 25
-----------------
1 5 10 22
2 25
3 6 9 11 12 23
4 7 21
1 5 22 24
3 6 9 11 12
4 7
8
3 6 9 11 12 23
1 10
3 6 9 11 12 20 23
3 6 9 11 12
13 18 19
14 15
14 15
16 24
17 18 19
13 17 18 19 25
13 17 18 19 25
11 20
4 21
1 5 22 24
3 9 11 23
5 16 22 24 25
2 18 19 24 25
-----------------
1 5 10 22
2 17 25
3 6 9 11 12 23
4 7
1 5 22 24
3 6 9 11 12
4 7
8
3 6 9 11 12 20 23
1 10
3 6 9 11 12 20 23
3 6 9 11 12
13 18 19
14 15
14 15
16 24
2 17 18 19 25
13 17 18 19 25
13 17 18 19 25
9 11 20
21
1 5 22 24
3 9 11 23
5 16 22 24
2 17 18 19 25
-----------------
1 5 10 22
2 17 25
3 6 9 11 12 23
4 7
1 5 22 24
3 6 9 11 12
4 7
8
3 6 9 11 12 20 23
1 10
3 6 9 11 12 20 23
3 6 9 11 12
13 18 19
14 15 16
14 15 16
14 15 16
2 17 18 19 25
13 17 18 19 25
13 17 18 19 25
9 11 20
21
1 5 22 24
3 9 11 23
5 22 24
2 17 18 19 25
-----------------
1 5 10 22
2 17 25
3 6 9 11 12 23
4
1 5 22 24
3 6 9 11 12
7
8
3 6 9 11 12 20 23
1 10
3 6 9 11 12 20 23
3 6 9 11 12
13 18 19
14 15 16
14 15 16
14 15 16
2 17 18 19 25
13 17 18 19 25
13 17 18 19 25
9 11 20
21
1 5 22 24
3 9 11 23
5 22 24
2 17 18 19 25
-----------------
1 5 10 22
2 17 25
3 6 9 11 12 23
4
1 5 22 24
3 6 9 11 12
7
8
3 6 9 11 12 20 23
1 10
3 6 9 11 12 20 23
3 6 9 11 12
13 18 19
14 15 16 21
14 15 16
14 15 16
2 17 18 19 25
13 17 18 19 25
13 17 18 19 25
9 11 20
14 21
1 5 22 24
3 9 11 23
5 22 24
2 17 18 19 25
-----------------
1 5 10 22
2 15 16
3 6 9 11 12 23
4
1 5 22 24 25
3 6 9 11 12
7
8
3 6 9 11 12 20 23
1 10
3 6 9 11 12 20 23
3 6 9 11 12
13 18 19 25
14 15 21
2 14 15
2 16 24
17 18 19 25
13 17 18 19 25
13 17 18 19 25
9 11 20
14 21
1 5 22 24
3 9 11 23
5 16 22 24
5 13 17 18 19 25
-----------------
1 5 10 22
2 15 16
3 6 9 11 12 23
4
1 5 10 22 24 25
3 6 9 11 12
7
8
3 6 9 11 12 20 23
1 5 10 22
3 6 9 11 12 20 23
3 6 9 11 12
13 18 19 25
14 15 21
2 14 15
2 16 24
17 18 19 25
13 17 18 19 25
13 17 18 19 25
9 11 20
14 21
1 5 10 22 24
3 9 11 23
5 16 22 24
5 13 17 18 19 25
-----------------
1 5 10 22
2 15 16 25
3 9 11 12 23
4
1 5 10 22 24
6 9 11 12
7
8
3 6 9 11 12 20 23
1 5 10 22
3 6 9 11 12 20 23
3 6 9 11 12
13 18 19
14 15 21
2 14 15
2 16 24
17 18 19 25
13 17 18 19 25
13 17 18 19 25
9 11 20
14 21
1 5 10 22 24
3 9 11 23
5 16 22 24
2 17 18 19 25
-----------------
1 5 10 22
2 15 16
3 9 11 12 23
4
1 5 10 22 24 25
6 9 11 12
7 21
8
3 6 9 11 12 20 23
1 5 10 22
3 6 9 11 12 20 23
3 6 9 11 12
13 18 19 25
14 15
2 14 15
2 16 24
17 18 19 25
13 17 18 19 25
13 17 18 19 25
9 11 20
7 21
1 5 10 22 24
3 9 11 23
5 16 22 24
5 13 17 18 19 25
-----------------
1 5 10 22 24
2 15 16
3 9 11 12 20 23
4
1 5 10 22 24 25
6 9 11 12
7
8
3 6 9 11 12 20 23
1 5 10 22 24
3 6 9 11 12 20 23
3 6 9 11 12
13 18 19 25
14 15 21
2 14 15
2 16
17 18 19 25
13 17 18 19 25
13 17 18 19 25
3 9 11 20 23
14 21
1 5 10 22 24
3 9 11 20 23
1 5 10 22 24
5 13 17 18 19 25
-----------------
1 5 10 22 24
2 15 16
3 9 11 12 20 23
4
1 5 10 22 24 25
6 9 11 12
7
8
3 6 9 11 12 20 23
1 5 10 22 24
3 6 9 11 12 20 23
3 6 9 11 12
13 18 19 25
14 15 21
2 14 15
2 16
17 18 19 25
13 17 18 19 25
13 17 18 19 25
3 9 11 20 23
14 21
1 5 10 22 24
3 9 11 20 23
1 5 10 22 24
5 13 17 18 19 25
-----------------
1 5 10 13 22 24
2 16
3 9 12 20 23
4
1 5 10 13 22 24 25
6 9 11 12
7
8
3 6 9 11 12 20 23
1 5 10 22 24
6 9 11 12
3 6 9 11 12
1 5 13 18 19 25
14 15 21
14 15 21
2 16
17 18 19 25
13 17 18 19 25
13 17 18 19 25
3 9 20 23
14 15 21
1 5 10 22 24
3 9 20 23
1 5 10 22 24
5 13 17 18 19 25
-----------------
1 5 10 13 22 24
2 16
3 9 12 20 23
4
1 5 10 13 22 24 25
6 9 11 12
7
8
3 6 9 11 12 20 23
1 5 10 22 24
6 9 11 12
3 6 9 11 12
1 5 13 18 19 25
14 15
14 15 21
2 16
17 18 19 25
13 17 18 19 25
13 17 18 19 25
3 9 20 23
15 21
1 5 10 22 24
3 9 20 23
1 5 10 22 24
5 13 17 18 19 25
-----------------
1 5 10 13 22 24
2 16
3 9 12 20 23
4
1 5 10 13 22 24 25
6 9 11 12
7
8
3 6 9 11 12 20 23
1 5 10 22 24
6 9 11 12
3 6 9 11 12
1 5 13 18 19 25
14 15
14 15 21
2 16 25
17 18 19
13 17 18 19
13 17 18 19
3 9 20 23
15 21
1 5 10 22 24 25
3 9 20 23
1 5 10 22 24 25
5 13 16 22 24 25
-----------------
1 5 10 13 22 24
2 16
3 9 12 20 23
4
1 5 10 13 22 24 25
6 9 11 12
7
8
3 6 9 11 12 20 23
1 5 10 22 24
6 9 11 12
3 6 9 11 12
1 5 13 18 19 25
14 15
14 15 21
2 16 25
17 18 19
13 17 18 19
13 17 18 19
3 9 20 23
15 21
1 5 10 22 24 25
3 9 20 23
1 5 10 22 24 25
5 13 16 22 24 25
-----------------
1 5 10 13 22 24
2 16
3 9 12 20 23
4
1 5 10 13 22 24 25
6 9 11 12
7
8
3 6 9 11 12 20 23
1 5 10 22 24
6 9 11 12
3 6 9 11 12
1 5 13 18 19 25
14 15
14 15 21
2 16 25
17 18 19
13 17 18 19
13 17 18 19
3 9 20 23
15 21
1 5 10 22 24 25
3 9 20 23
1 5 10 22 24 25
5 13 16 22 24 25
-----------------
1 5 10 13 22 24
2 16
3 9 12 20 23
4
1 5 10 13 22 24 25
6 9 11 12
7
8
3 6 9 11 12 20 23
1 5 10 22 24
6 9 11 12
3 6 9 11 12
1 5 13 18 19 25
14 15
14 15 21
2 16 25
17 18 19
13 17 18 19
13 17 18 19
3 9 20 23
15 21
1 5 10 22 24 25
3 9 20 23
1 5 10 22 24 25
5 13 16 22 24 25
-----------------
1 5 10 13 22 24
2 16
3 9 12 20 23
4
1 5 10 13 22 24 25
6 9 11 12
7
8
3 6 9 11 12 20 23
1 5 10 22 24
6 9 11 12
3 6 9 11 12
1 5 13 18 19 25
14 15
14 15 21
2 16 25
17 18 19
13 17 18 19
13 17 18 19
3 9 20 23
15 21
1 5 10 22 24 25
3 9 20 23
1 5 10 22 24 25
5 13 16 22 24 25
-----------------
1 5 13 22 24
2 16
3 9 10 12 20 23
4
1 5 13 22 24 25
6 12
7
8
3 9 11 12 20 23
3 10 20 22 23 24
9 11 12
3 6 9 11 12
1 5 13 18 19 25
14 15
14 15 21
2 16 25
17 18 19
13 17 18 19
13 17 18 19
3 9 10 20 23
15 21
1 5 10 22 24 25
3 9 10 20 23
1 5 10 22 24 25
5 13 16 22 24 25
-----------------
1 5 13 22 24
2 16
3 9 10 12 20 23
4
1 5 13 22 24 25
6 12
7
8
3 9 11 12 20 23
3 10 20 22 23 24
9 11 12
3 6 9 11 12
1 5 13 18 19 25
14 15
14 15 21
2 16 25
17 18 19
13 17 18 19
13 17 18 19
3 9 10 20 23
15 21
1 5 10 22 24 25
3 9 10 20 23
1 5 10 22 24 25
5 13 16 22 24 25
-----------------
1 5 13 22 24
2 16 17
3 9 10 12 20 23
4
1 5 13 22 24 25
6 12
7
8 21
3 9 11 12 20 23
3 10 20 22 23 24
9 11 12
3 6 9 11 12
1 5 13 18 19 25
14 15
14 15 16
2 15 16
2 17 18 19 25
13 17 18 19
13 17 18 19
3 9 10 20 23
8 21
1 5 10 22 24 25
3 9 10 20 23
1 5 10 22 24 25
5 13 17 22 24 25
-----------------
1 5 13 22 24
2 16 17
3 10 12 20 23
4
1 5 13 22 24 25
6 9 12
7
8 21
6 9 11 12
3 10 20 22 23 24
9 11 12
3 6 9 11 12
1 5 13 18 19 25
14 15
14 15
2 16
2 17 18 19 25
13 17 18 19
13 17 18 19
3 10 20 23
8 21
1 5 10 22 24 25
3 10 20 23
1 5 10 22 24 25
5 13 17 22 24 25
-----------------
1 5 22 24
2 16 17
3 10 12 20 23
4
1 5 13 22 24 25
6 9 12
7
8 21
6 9 11 12
3 10 20 22 23 24
9 11 12
3 6 9 11 12
5 13 17 18 19 25
14 15
14 15
2 16 25
2 13 17 18 19 25
13 17 18 19
13 17 18 19
3 10 20 23
8 21
1 5 10 22 24 25
3 10 20 23
1 5 10 22 24 25
5 13 16 17 22 24 25
-----------------
1 5 13 22 24
2 16 17
3 10 12 20 23
4 7
1 5 13 22 24 25
6 9 12
4 7
8 21
6 9 11 12
3 10 20 22 23 24
9 11 12
3 6 9 11 12
1 5 13 18 19 25
14 15
14 15
2 16 25
2 17 18 19 25
13 17 18 19
13 17 18 19
3 10 20 23
8 21
1 5 10 22 24 25
3 10 20 23
1 5 10 22 24 25
5 13 16 17 22 24 25
-----------------
1 5 13 22 24
2 16 17
3 10 12 20 23
4 7
1 5 13 22 24 25
6 9 12 14
4 7
8 21
6 9 11 12
3 10 20 23
9 11 12
3 6 9 11 12
1 5 13 18 19 25
6 14 15
14 15
2 16 25
2 17 18 19 25
13 17 18 19
13 17 18 19
3 10 20 23
8 21
1 5 22 24 25
3 10 20 23
1 5 22 24 25
5 13 16 17 22 24 25
-----------------
1 5 13 22 24
2 16 17
3 10 12 20 23
4 7
1 5 13 22 24 25
6 12 14
4 7
8 21
9 11 12
3 10 20 23
9 11 12
3 6 9 11 12
1 5 13 18 19 25
6 14 15
14 15
2 16 25
2 17 18 19 25
13 17 18 19
13 17 18 19
3 10 20 23
8 21
1 5 22 24 25
3 10 20 23
1 5 22 24 25
5 13 16 17 22 24 25
-----------------
1 5 13 22
2 16 17
3 10 12 20 23 24
4 10 20 23
1 5 13 22 25
6 12 14
7
8 21
9 11 12
3 4 10 20 23 24
9 11 12
3 6 9 11 12
1 5 13 18 19 25
6 14 15
14 15
2 16 17 25
2 16 17 25
13 18 19
13 18 19
3 4 10 20 23 24
8 21
1 5 22 24 25
3 4 10 20 23 24
3 10 20 22 23 24
5 13 16 17 22 25
-----------------
1 5 13 22
2 16 17
3 6 12 14 24
4 10 20 23
1 5 13 19 22 25
3 6 12 14
7 8
7 8 21
9 11 12 14
4 10 20 23 24
9 11 12
3 6 9 11 12 14
1 5 13 18 19 25
3 6 9 12 14
15
2 16 17 25
2 16 17 19 25
13 18 19
5 13 17 18 19 25
4 10 20 23 24
8 21
1 5 22 24 25
4 10 20 23 24
3 10 20 22 23 24
5 13 16 17 19 22 25
-----------------
1 5 13 22
2 17
3 6 9 11 12 14
4 10 20 23
1 5 13 19 22 25
3 6 12 14 16
7
8 21
3 9 11 12 14
4 10 20 23 24
3 9 11 12
3 6 9 11 12 14
1 5 13 18 19 25
3 6 9 12 14
15
6 16
2 17 19 25
13 18 19
5 13 17 18 19 25
4 10 20 23 24
8 21
1 5 22 24 25
4 10 20 23 24
10 20 22 23 24
5 13 17 19 22 25
-----------------
1 5 13 22
2 17
3 6 9 11 12 14
4 10 20 23
1 5 13 19 22 25
3 6 12 14 16
7
8 21
3 9 11 12 14
4 10 20 23 24
3 9 11 12
3 6 9 11 12 14
1 5 13 18 19
3 6 9 12 14
15
6 16 25
2 17 19 25
13 18 19
5 13 17 18 19
4 10 20 23 24
8 21
1 5 22 24 25
4 10 20 23 24
10 20 22 23 24 25
5 16 17 22 24 25
-----------------
1 5 13
2 17
3 6 9 11 12 14
4 10 20 23
1 5 13 19 25
3 6 12 14 16
7
8 21
3 9 11 12 14
4 10 20 22 23 24
3 9 11 12
3 6 9 11 12 14
1 5 13 18 19
3 6 9 12 14
15
6 16 25
2 17 19 25
13 18 19
5 13 17 18 19
4 10 20 22 23 24
8 21
10 20 22 23 24 25
4 10 20 22 23 24
10 20 22 23 24 25
5 16 17 22 24 25
-----------------
1 5 13
2 17
3 6 9 11 12 14
4 10 20 23
1 5 13 19 25
3 6 12 14 16
7
8
3 9 11 12 14
4 10 20 22 23 24
3 9 11 12
3 6 9 11 12 14
1 5 13 18 19
3 6 9 12 14
15
6 16 25
2 17 19 25
13 18 19
5 13 17 18 19
4 10 20 22 23 24
21
10 20 22 23 24 25
4 10 20 22 23 24
10 20 22 23 24 25
5 16 17 22 24 25
-----------------
1 5 13
2 17 18 19 25
3 6 9 11 12 14
4 7
1 5 13 18 19 25
3 6 12 14 16
4 7
8
3 9 12 14
10 11 20 22 23 24
3 10 11 12 20 22 23 24
3 6 9 11 12 14
1 5 13 18 19
3 6 9 12 14
15
6 16 25
2 17 18 19 25
2 5 13 17 18 19
2 5 13 17 18 19
10 11 20 22 23 24
21
10 11 20 22 23 24 25
10 11 20 22 23 24
10 11 20 22 23 24 25
2 5 16 17 22 24 25
-----------------
1 5 13
2 17 18 19 25
3 6 9 11 12 14
4 7
1 5 13 18 19 25
3 6 12 14 16
4 7
8 21
3 9 12 14
10 11 20 23
3 10 11 12 20 22 23 24
3 6 9 11 12 14
1 5 13 18 19 25
3 6 9 12 14
15
6 16 25
2 17 18 19 25
2 5 13 17 18 19
2 5 13 17 18 19
10 11 20 22 23 24
8 21
11 20 22 23 24 25
10 11 20 22 23 24
11 20 22 23 24 25
2 5 13 16 17 22 24 25
-----------------
1 5 13
2 17 18 19 25
3 6 9 11 12 14
4 7
1 5 13 18 19 25
3 6 12 14 16
4 7 21
8 21
3 9 12 14
10 11 20 23
3 10 11 12 20 22 23 24
3 6 9 11 12 14
1 5 13 18 19 25
3 6 9 12 14
15 16
6 15 16
2 17 18 19 25
2 5 13 17 18 19
2 5 13 17 18 19
10 11 20 22 23 24
7 8 21
11 20 22 23 24 25
10 11 20 22 23 24
11 20 22 23 24 25
2 5 13 17 22 24 25
-----------------
1 5 13
2 17 18 19 25
3 6 9 11 12 14
4 7
1 5 13 17 18 19 25
3 6 12 14 16
4 7 21
8 21
3 9 12 14
10 11 20 23
3 10 11 12 20 22 23 24
3 6 9 11 12 14
1 5 13 17 18 19 25
3 6 9 12 14
15
6 16 17 25
2 5 13 16 17 22 24 25
2 5 13 18 19
2 5 13 18 19
10 11 20 22 23 24
7 8 21
11 17 20 22 23 24 25
10 11 20 22 23 24
11 17 20 22 23 24 25
2 5 13 16 17 22 24 25
-----------------
1 5 13
2 17 18 19 25
3 6 9 11 12 14
4 7
1 5 13 17 18 19 25
3 6 12 14 15 16
4 7
8 21
3 9 12 14
10 11 20 23
3 10 11 12 20 22 23 24
3 6 9 11 12 14
1 5 13 17 18 19 25
3 6 9 12 14 15
6 14 15 16
6 15 16 17 25
2 5 13 16 17 22 24 25
2 5 13 18 19
2 5 13 18 19
10 11 20 22 23 24
8 21
11 17 20 22 23 24 25
10 11 20 22 23 24
11 17 20 22 23 24 25
2 5 13 16 17 22 24 25
-----------------
1 5 13
2 8
3 6 9 11 12 14
4 7
1 5 13 17 18 19 25
3 6 12 14 15 16
4 7
2 8 21
3 9 12 14
10 11 20 23
3 10 11 12 20 22 23 24
3 6 9 11 12 14
1 5 13 17 18 19 25
3 6 9 12 14 15
6 14 15
6 16 17 25
5 13 16 17 22 24 25
5 13 18 19
5 13 18 19
10 11 20 22 23 24
8 21
11 17 20 22 23 24 25
10 11 20 22 23 24
11 17 20 22 23 24 25
5 13 16 17 22 24 25
-----------------
1 5 13
2 16 17 25
3 6 9 11 12 14
4 7
1 5 13 17 18 19
3 6 12 15 16 25
4 7
8 21
3 9 12 14
10 11 20 23
3 10 11 12 20 22 23 24 25
3 6 9 11 12 14
1 5 13 17 18 19
3 9 12 14 15
6 14 15
2 6 16 17 25
2 5 13 16 17 22 24 25
5 13 18 19
5 13 18 19
10 11 20 22 23 24
8 21
11 17 20 22 23 24 25
10 11 20 22 23 24
11 17 20 22 23 24 25
2 6 11 16 17 22 24 25
-----------------
1 5 13
2 16 17 25
3 6 9 11 12 14
4 7
1 5 13 17 18 19
3 6 12 15 16 25
4 7
8 21
3 9 12 14
10 20 23
3 11 12 20 22 23 24 25
3 6 9 11 12 14
1 5 13 17 18 19
3 9 12 14 15
6 14 15
2 6 16 17 25
2 5 13 16 17 22 24 25
5 13 18 19
5 13 18 19
10 11 20 22 23 24
8 21
11 17 20 22 23 24 25
10 11 20 22 23 24
11 17 20 22 23 24 25
2 6 11 16 17 22 24 25
-----------------
1 5 13
2 16 17 25
3 6 9 11 12 14
4 7
1 5 13 17 18 19
3 6 12 15 16 25
4 7 21
8 21
3 9 12 14
10 20 23
3 11 12 20 22 23 24 25
3 6 9 11 12 14
1 5 13 17 18 19
3 9 12 14 15
6 14 15
2 6 16 17 25
2 5 13 16 17 22 24 25
5 13 18 19
5 13 18 19
10 11 20 22 23 24
7 8 21
11 17 20 22 23 24 25
10 11 20 22 23 24
11 17 20 22 23 24 25
2 6 11 16 17 22 24 25
-----------------
1 5 13
2 16 17 25
3 6 9 11 12 14
4 7
1 5 13 17 22 24 25
3 6 12 15 16 25
4 7 21
8 21
3 9 12 14
10 23
3 11 22 23 24 25
3 6 9 12 14 15
1 5 13 17 18 19
3 9 12 14 15
6 12 14 15
2 6 16 17 25
2 5 13 16 17 22 24 25
13 18 19
13 18 19
20
7 8 21
5 11 17 22 23 24 25
10 11 22 23 24
5 11 17 22 23 24 25
2 5 6 11 16 17 22 24 25
-----------------
1 5 13
2 16 17 25
3 6 9 11 12 14
4 7
1 5 13 17 22 24 25
3 6 12 15 16 17 25
4 7 21
8 21
3 9 12 14
10
3 11 17 22 23 24 25
3 6 9 12 14 15
1 5 13 18 19
3 9 12 14 15
6 12 14 15
2 6 16
2 5 6 11 17 22 24 25
13 18 19
13 18 19
20
7 8 21
5 11 17 22 23 24 25
11 22 23 24
5 11 17 22 23 24 25
2 5 6 11 17 22 24 25
-----------------
1 5 13
2 16 17 25
3 6 9 11 12 14
4 7
1 5 13 17 22 24 25
3 6 12 16 17 25
4 7 21
8 21
3 9 12 14
10
3 11 17 22 23 24 25
3 6 9 12 14
1 5 13 18 19
3 9 12 14
15
2 6 16
2 5 6 11 17 22 24 25
13 18 19
13 18 19
20
7 8 21
5 11 17 22 23 24 25
11 22 23 24
5 11 17 22 23 24 25
2 5 6 11 17 22 24 25
-----------------
1 5 13
2 16 17 25
3 6 9 11 12 14
4 7 21
1 5 13 17 22 24 25
3 6 12 16 17 25
4 7 21
8 21
3 9 12 14
10
3 11 17 22 23 24 25
3 6 9 12 14
1 5 13 18 19
3 9 12 14
15
2 6 16
2 5 6 11 17 22 24 25
13 18 19
13 18 19
20
4 7 8 21
5 11 17 22 23 24 25
11 22 23 24
5 11 17 22 23 24 25
2 5 6 11 17 22 24 25
-----------------
1
2 16 17 25
3 11 23
4 7 21
5 13 17 22 24 25
6 12 16 17 25
4 7
8 21
9 12 14
10
3 11 17 22 23 24 25
6 9 12 14
5 13 18 19
9 12 14
15
2 6 16
2 5 6 11 17 22 24 25
13 18 19
13 18 19
20
4 8 21
5 11 17 22 23 24 25
3 11 22 23 24
5 11 17 22 23 24 25
2 5 6 11 17 22 24 25
-----------------
1
2 16 17 25
3 6 9 11 12 14
4 21
5 13 22 24 25
3 6 16 17 25
7
8 21
3 9 12 14
10
3 11 22 23 24 25
3 9 12 14
5 13 18 19
3 9 12 14
15
2 6 16 17
2 6 16 17 25
13 18 19
13 18 19
20
4 8 21
5 11 22 23 24 25
11 22 23 24
5 11 22 23 24 25
2 5 6 11 17 22 24 25
-----------------
1
2 16 17 18 25
3 6 9 11 12 14
4 21
5 13 18 22 24 25
3 6 16 17 25
7
8 21
3 9 12 14
10
3 11 22 23 24 25
3 9 12 14
5 13 18 19
3 9 12 14
15
2 6 16 17
2 6 16 17 25
2 5 13 18 19
13 18 19
20
4 8 21
5 11 22 23 24 25
11 22 23 24
5 11 22 23 24 25
2 5 6 11 17 22 24 25
-----------------
1
2 16 17 18 25
3 6 9 11 12 14
4 21
5 13 18 22 24 25
3 6 9 16 17 25
7
8 21
3 6 9 16 17 25
10
3 11 22 23 24 25
3 12 14
5 13 18 19
3 12 14
15
2 6 9 16 17
2 6 9 16 17 25
2 5 13 18 19
13 18 19
20
4 8 21
5 11 22 23 24 25
11 22 23 24
5 11 22 23 24 25
2 5 6 9 11 17 22 24 25
-----------------
1
2 5 16 17 18 25
3 6 9 11 12 14 22
4 21
2 5 13 17 18 24 25
3 6 9 15 16 17 25
7
8 21
3 6 9 15 16 17 25
10
3 11 17 22 23 24 25
3 12 14 15
5 13 18 19
3 12 14 15
6 9 12 14 15
2 6 9 16
2 5 6 9 11 17 22 24 25
2 5 13 18 19
13 18 19
20
4 8 21
3 11 17 22 23 24 25
11 22 23 24
5 11 17 22 23 24 25
2 5 6 9 11 17 22 24 25
-----------------
1
2 5 16 17 18 25
3 6 9 11 12 14 22
4 21
2 5 13 17 18 24 25
3 6 9 15 16 17 25
7
8 21
3 6 9 15 16 17 25
10
3 11 17 22 23 24 25
3 12 14 15
5 13 18 19
3 12 14 15
6 9 12 14 15
2 6 9 16
2 5 6 9 11 17 22 24 25
2 5 13 18 19
13 18 19
20
4 8 21
3 11 17 22 23 24 25
11 22 23 24
5 11 17 22 23 24 25
2 5 6 9 11 17 22 24 25
-----------------
1
2 5 8 16 17 18
3 6 9 11 12 14 22 25
4 21
2 5 13 17 18 24
3 6 9 15 16 17 25
7
2 8
3 6 9 15 16 17 25
10
3 11 17 22 23 24 25
3 12 14 15
5 13 18 19
3 12 14 15
6 9 12 14 15
2 6 9 16
2 5 6 9 11 17 22 24 25
2 5 13 18 19
13 18 19
20
4 21
3 11 17 22 23 24 25
11 22 23 24
5 11 17 22 23 24 25
3 6 9 11 17 22 24 25
-----------------
1
2 5 8 16 18
3 12 14
4 21
2 5 13 18 24
6
7
2 8
9 15 16 17 25
10
11 17 22 23 24 25
3 12 14 15
5 13 18 19
3 12 14 15
9 12 14 15
2 9 16
9 11 17 22 24 25
2 5 13 18 19
13 18 19
20
4 21
11 17 22 23 24 25
11 22 23 24
5 11 17 22 23 24 25
9 11 17 22 24 25
-----------------
1
2 5 8 16 18
3 12 14
4 21
2 5 13 18 24
6
7
2 8
9 15 16 17 25
10
11 17 22 23 24 25
3 12 14 15
5 13 18 19
3 12 14 15
9 12 14 15
2 9 16
9 11 17 22 24 25
2 5 13 18 19
13 18 19
20
4 21
11 17 22 23 24 25
11 22 23 24
5 11 17 22 23 24 25
9 11 17 22 24 25
-----------------
1
2 5 8 16 18
3 12 14
4 21
2 5 13 18 24
6
7
2 8
9 15 16 17 25
10
11 17 22 23 24 25
3 12 14 15
5 13 18 19
3 12 14 15
9 12 14 15
2 9 16
9 11 17 22 24 25
2 5 13 18 19
13 18 19
20
4 21
11 17 22 23 24 25
11 22 23 24
5 11 17 22 23 24 25
9 11 17 22 24 25
-----------------
1
2 5 9 14 16 17 22 25
3 12
4 21
2 5 13 18 24
6
7
8
2 9 14 15 16 17 22 25
10
11 17 22 23 24 25
3 12 15
5 13 18 19
2 9 14 15 16 17 22 25
9 12 14 15 16
2 9 14 15 16
2 9 11 14 17 22 24 25
5 13 18 19
13 18 19
20
4 21
2 9 11 14 17 22 24 25
11 23 24
5 11 17 22 23 24 25
2 9 11 14 17 22 24 25
-----------------
1
2 5 8 9 14 16 17 25
3 12
4 21
2 5 13 18 24
6
7
2 8
2 9 14 15 16 17 25
10
11 17 22 23 24 25
3 12 15
5 13 18 19
2 9 14 15 16 17 25
9 12 14 15 16
2 9 14 15 16
2 9 11 14 17 22 24 25
5 13 18 19
13 18 19
20
4 21
11 17 22 23 24 25
11 22 23 24
5 11 17 22 23 24 25
2 9 11 14 17 22 24 25
-----------------
1
2 8 9 14 16 17 25
3 12
4 21
5 13 18 24
6
7
2 8
2 9 14 15 16 17 25
10
11 17 22 23 24 25
3 12 15
5 13 18 24
2 9 14 15 16 17 25
9 12 14 15 16
2 9 14 15 16
2 9 11 14 17 22 24 25
5 13 18 19
18 19
20
4 21
11 17 22 23 24 25
11 22 23 24
5 11 13 17 22 23 24 25
2 9 11 14 17 22 24 25
-----------------
1
2 8 9 14 16 25
3 12 17
4 21
5 13 18
6
7 21
2 8
2 9 14 15 16 17 25
10
11 17 22 23 24 25
3 12 15 17
5 13 18
2 9 14 15 16 17 25
9 12 14 15 16
2 9 14 15 16
3 9 11 12 14 17 22 24 25
5 13 18 19
18 19
20
4 7 21
11 17 22 23 24 25
11 22 23 24
11 17 22 23 24 25
2 9 11 14 17 22 24 25
-----------------
1
2 9 14 16 25
3 12 17
4 8 21
5 13 18
6
7 21
4 8
2 9 14 15 16 17 25
10 23
11 17 22 23 24 25
3 12 15 17
5 13 18
2 9 14 15 16 17 25
9 12 14 15 16
2 9 14 15 16
3 9 11 12 14 17 22 24 25
5 13 18 19
18 19
20
4 7 21
11 17 22 23 24 25
10 11 22 23 24
11 17 22 23 24 25
2 9 11 14 17 22 24 25
-----------------
1
2 9 14 16 25
3 12 17
4 8 21
5 13 18
6
7 21
4 8
2 9 14 15 16 17 25
10 23
11 17 22 23 24 25
3 12 15 17
5 13 18
2 9 14 15 16 17 25
9 12 14 15 16
2 9 14 15 16
3 9 11 12 14 17 22 24 25
5 13 18 19
18 19
20
4 7 21
11 17 22 23 24 25
10 11 22 23 24
11 17 22 23 24 25
2 9 11 14 17 22 24 25
-----------------
1
2 8 9 14 16 25
3 12 17
4 21
5 13 18
6
7 21
2 8
2 9 14 16 17 25
10 23
11 22 23 24 25
3 12 15 17
5 13 18
2 9 14 16 17 25
12 15 17
2 9 14 16 17 25
3 9 12 14 15 16 17 25
5 13 18 19
18 19
20
4 7 21
11 22 23 24 25
10 11 22 23 24
11 22 23 24 25
2 9 11 14 16 17 22 24 25
-----------------
